shellygen: 1
timezone: Europe/Berlin
lat: 49.475826175768304
lng: 9.82670992612839
